───────────────────────────────────────────────────────────────────────────────
Language                 Files     Lines   Blanks  Comments     Code Complexity
───────────────────────────────────────────────────────────────────────────────
JavaScript                 140     27642     4256      6054    17332       3318
Vue                        108      7936      538       117     7281        172
YAML                       101      3922      501       400     3021          0
Markdown                    87      1803      365         0     1438          0
JSON                        65      1859        1         0     1858          0
Plain Text                  53       912        1         0      911          0
SVG                         47      8460        0         0     8460          0
License                     41     26955     4836         0    22119          0
Processing                  33      2481      334       113     2034        275
gitignore                   31       540      136       151      253          0
PHP                         22       717      140        99      478          7
Java                        21      2306      252       610     1444        217
HTML                        19       657       30        26      601          0
CSS                         15      4886      246       304     4336          0
Sass                        11      1128      144       172      812          0
XML                         11       178        4         0      174          0
Shell                       10       112       26        22       64          2
Dockerfile                   9        89       30        10       49         14
Python                       8      1317       58        14     1245         45
Makefile                     3       244       34        61      149          2
Docker ignore                2        11        0         0       11          0
C Header                     1        31        9         5       17          0
C++                          1        39        4         6       29          1
Gemfile                      1        10        2         0        8          0
───────────────────────────────────────────────────────────────────────────────
Total                      840     94235    11947      8164    74124       4053
───────────────────────────────────────────────────────────────────────────────
Estimated Cost to Develop $2,483,431
Estimated Schedule Effort 21.677569 months
Estimated People Required 13.570511
───────────────────────────────────────────────────────────────────────────────

